
支付类型

津贴

税金

扣除

实际支付金额

福利



固定工资（月薪）	
2019-05-21
 13,130.00 323.91 2,622.60 10,183.49 5,107.91 
 

奖金（季度）	
2019-04-26
 6,000.00 180.00 0.00 5,820.00 0.00 
 

固定工资（月薪）	
2019-04-19
 13,230.00 166.12 2,622.60 10,441.28 5,461.91 
 

固定工资（月薪）	
2019-03-21
 13,180.00 165.68 2,622.60 10,391.72 5,461.91 
 

奖金（年度）	
2019-02-27
 8,213.00 2,655.93 0.00 5,557.07 0.00 
 

固定工资（月薪）	
2019-02-21
 12,350.00 140.77 2,622.60 9,586.63 5,461.91 
 

奖金（年度）	
2019-02-13
 20,831.00 624.93 0.00 20,206.07 0.00 
 

节日金	
2019-02-01
 8,378.00 251.34 0.00 8,126.66 0.00 
 

固定工资（月薪）	
2019-01-21
 12,700.00 150.22 2,622.60 9,927.18 5,461.91 
 

奖金（季度）	
2019-01-21
 6,000.00 180.00 0.00 5,820.00 0.00 
 

固定工资（月薪）	
2018-12-21
 16,617.00 678.94 2,622.60 13,315.46 5,461.91 
 

固定工资（月薪）	
2018-11-21
 16,467.00 2,958.88 2,622.60 10,885.52 5,461.91 
 

奖金（季度）	
2018-11-01
 13,000.00 0.00 0.00 13,000.00 0.00 
 

固定工资（月薪）	
2018-10-19
 16,617.00 678.94 2,622.60 13,315.46 5,461.91 
 

工资单	
2018-09-21
 16,467.00 1,581.10 2,622.60 12,263.30 5,461.91 
 

国庆补助金	
2018-09-21
 2,149.86 537.47 0.00 1,612.39 0.00 
 

固定工资（月薪）	
2018-08-21
 14,997.92 1,213.06 2,622.60 11,162.26 5,461.91 
 

固定工资（月薪）	
2018-07-20
 14,107.00 1,041.88 2,622.60 10,442.52 5,461.91 
 

奖金（季度）	
2018-07-20
 600.00 120.00 0.00 480.00 0.00 
 

固定工资（月薪）	
2018-06-21
 18,013.21 1,967.65 2,622.60 13,422.96 5,461.91 
