
支付类型

津贴

税金

扣除

实际支付金额

福利



固定工资（月薪）	
2019-11-21
 13,130.00 501.38 4,095.27 8,533.35 8,727.16 
 

奖金（季度）	
2019-10-30
 6,000.00 600.00 0.00 5,400.00 0.00 
 

固定工资（月薪）	
2019-10-21
 13,130.00 403.47 4,095.27 8,631.26 7,748.16 
 

固定工资（月薪）	
2019-09-20
 13,130.00 403.47 4,095.27 8,631.26 7,748.16 
 

节日金	
2019-09-20
 6,320.00 632.00 0.00 5,688.00 0.00 
 

固定工资（月薪）	
2019-08-21
 13,505.00 440.98 4,095.27 8,968.75 7,748.16 
 

奖金（季度）	
2019-07-30
 6,000.00 600.00 0.00 5,400.00 0.00 
 

固定工资（月薪）	
2019-07-19
 13,130.00 403.47 4,095.27 8,631.26 7,748.16 
 

固定工资（月薪）	
2019-06-21
 13,130.00 550.74 2,622.60 9,956.66 5,107.91 
 

固定工资（月薪）	
2019-05-21
 13,130.00 323.91 2,622.60 10,183.49 5,107.91 
